  4.19158911593836732E-003
 -1.19348111856806792E-002
 -1.19348111856806792E-002
  1.78395865317700457E-002
  3.39822711859391752E-002
  1.78395865317700457E-002
 -2.09420211928024493E-002
 -5.07950781906787996E-002
 -5.07950781906787996E-002
 -2.09420211928024493E-002
  2.06380937148221387E-002
  5.96287140436156174E-002
  7.59260602176806410E-002
  5.96287140436156174E-002
  2.06380937148221387E-002
 -1.67659993322339627E-002
 -5.87633341212271398E-002
 -8.91301577720421678E-002
 -8.91301577720421678E-002
 -5.87633341212271398E-002
 -1.67659993322339627E-002
  9.63545917795720179E-003
  4.77382278736699778E-002
  8.78366291381892927E-002
  0.10463054452836201     
  8.78366291381892927E-002
  4.77382278736699778E-002
  9.63545917795720179E-003
  9.05441078855987597E-003
 -2.01423839008342577E-002
 -2.57808387630714432E-002
  1.47044875655597419E-002
  5.73518878011815697E-002
  3.85359681707602778E-002
  5.89031295012634390E-003
 -4.18684364862553851E-002
 -8.57268664976532091E-002
 -4.52376550700892138E-002
 -2.96787223907876395E-002
 -1.67716278814197851E-002
  6.25829419524136510E-002
  0.10063539599357912     
  4.45811297858954986E-002
  4.10119711917479313E-002
  8.45049307479622397E-002
  2.50694294374939619E-002
 -7.34665735857350510E-002
 -9.91748940764867054E-002
 -3.62168717008852434E-002
 -3.01675324504491228E-002
 -0.11677435907658371     
 -0.12631394003520036     
 -2.94291866931163174E-002
  7.24003675008400016E-002
  8.05678194331757858E-002
  2.08139211932496064E-002
  1.23603127929783289E-002
 -1.50491190496148085E-002
 -3.51938120125414658E-002
 -1.56317519854773414E-002
  4.28497138913326511E-002
  5.26060316340709391E-002
  3.82125724958052165E-002
  4.45086584795885212E-002
 -6.40497086156810030E-002
 -6.17546055446970693E-002
 -1.37910061750352014E-002
 -0.10880356472022003     
 -6.65294198631542627E-002
  7.51884217066171034E-002
  6.08583729726796460E-002
 -3.57252339908968528E-002
  3.92674592396812655E-002
  0.16263437917813239     
  7.80993728883686983E-002
 -7.40972267750378139E-002
 -4.94401980492986601E-002
  4.80145967042522187E-002
  0.10172130675317001     
 -5.86951252173575633E-002
 -0.19091768799468833     
 -7.69659318887977728E-002
  6.01951939843383341E-002
  2.84133978902325335E-002
  1.35298576894819639E-002
  4.45435847049273353E-018
 -3.85238849578765433E-002
 -3.38246442237049028E-002
 -1.26830006062669241E-017
  5.75836658455520373E-002
 -1.55902546467245670E-017
  9.63097123946913547E-002
  1.89579443929080065E-017
 -6.75978867755268470E-002
  4.56632697020016506E-002
  4.43905021219342272E-017
 -0.14395916461388009     
 -2.22548696709540579E-017
  6.66168518001852422E-002
  3.06237144846375730E-017
 -0.13001811173283340     
 -6.63528053751780027E-017
  0.16899471693881707     
  2.19318890785078013E-017
 -5.41182779878204498E-002
 -5.49650468635205572E-002
 -8.71956291680851889E-017
  0.19434487222873822     
  7.78920438483392120E-017
 -0.16654212950046310     
 -1.78170543619929496E-017
  3.11019014136810976E-002
  1.23603127929783306E-002
  1.50491190496148119E-002
 -3.51938120125414658E-002
 -1.56317519854773448E-002
 -4.28497138913326581E-002
  5.26060316340709461E-002
 -3.82125724958052235E-002
  4.45086584795885282E-002
  6.40497086156810169E-002
 -6.17546055446970762E-002
 -1.37910061750352031E-002
  0.10880356472022004     
 -6.65294198631542766E-002
 -7.51884217066171173E-002
  6.08583729726796530E-002
  3.57252339908968597E-002
  3.92674592396812724E-002
 -0.16263437917813245     
  7.80993728883687122E-002
  7.40972267750378277E-002
 -4.94401980492986740E-002
  4.80145967042522256E-002
 -0.10172130675317002     
 -5.86951252173575633E-002
  0.19091768799468836     
 -7.69659318887977867E-002
 -6.01951939843383410E-002
  2.84133978902325404E-002
  9.05441078855990893E-003
  2.01423839008343375E-002
 -2.57808387630715369E-002
  1.47044875655598147E-002
 -5.73518878011817987E-002
  3.85359681707604165E-002
 -5.89031295012633349E-003
 -4.18684364862556002E-002
  8.57268664976535422E-002
 -4.52376550700893804E-002
 -2.96787223907877262E-002
  1.67716278814197609E-002
  6.25829419524139702E-002
 -0.10063539599357951     
  4.45811297858956651E-002
 -4.10119711917481047E-002
  8.45049307479624756E-002
 -2.50694294374939168E-002
 -7.34665735857354257E-002
  9.91748940764870940E-002
 -3.62168717008853752E-002
 -3.01675324504492998E-002
  0.11677435907658419     
 -0.12631394003520069     
  2.94291866931162688E-002
  7.24003675008403624E-002
 -8.05678194331760911E-002
  2.08139211932496827E-002
  4.19158911593834217E-003
  1.19348111856806098E-002
 -1.19348111856806063E-002
  1.78395865317699451E-002
 -3.39822711859389809E-002
  1.78395865317699381E-002
  2.09420211928023452E-002
 -5.07950781906785082E-002
  5.07950781906784873E-002
 -2.09420211928023244E-002
  2.06380937148220485E-002
 -5.96287140436153121E-002
  7.59260602176802107E-002
 -5.96287140436152566E-002
  2.06380937148220173E-002
  1.67659993322339072E-002
 -5.87633341212268831E-002
  8.91301577720417237E-002
 -8.91301577720416821E-002
  5.87633341212267998E-002
 -1.67659993322338621E-002
  9.63545917795720179E-003
 -4.77382278736698251E-002
  8.78366291381889180E-002
 -0.10463054452836149     
  8.78366291381888070E-002
 -4.77382278736697002E-002
  9.63545917795714454E-003
  9.05441078855987597E-003
 -2.57808387630714432E-002
 -2.01423839008342577E-002
  3.85359681707602778E-002
  5.73518878011815697E-002
  1.47044875655597419E-002
 -4.52376550700892138E-002
 -8.57268664976532091E-002
 -4.18684364862553851E-002
  5.89031295012634390E-003
  4.45811297858954986E-002
  0.10063539599357912     
  6.25829419524136510E-002
 -1.67716278814197851E-002
 -2.96787223907876395E-002
 -3.62168717008852434E-002
 -9.91748940764867054E-002
 -7.34665735857350510E-002
  2.50694294374939619E-002
  8.45049307479622397E-002
  4.10119711917479313E-002
  2.08139211932496064E-002
  8.05678194331757858E-002
  7.24003675008400016E-002
 -2.94291866931163174E-002
 -0.12631394003520036     
 -0.11677435907658371     
 -3.01675324504491228E-002
  1.95587765070422831E-002
 -4.35103281964219490E-002
 -4.35103281964219490E-002
  3.17637218656730488E-002
  9.67927957599345884E-002
  3.17637218656730488E-002
  1.27238886370851356E-002
 -7.06613710023058506E-002
 -7.06613710023058506E-002
  1.27238886370851356E-002
 -6.41101350282665683E-002
 -2.83054806794772115E-002
  5.15847208743635890E-002
 -2.83054806794772115E-002
 -6.41101350282665683E-002
  8.85915160449923939E-002
  0.14261899330934333     
  2.06637700253208476E-002
  2.06637700253208476E-002
  0.14261899330934333     
  8.85915160449923939E-002
 -6.51660321964613737E-002
 -0.19708011578067292     
 -0.10411574042350706     
  8.27747799002927741E-003
 -0.10411574042350706     
 -0.19708011578067292     
 -6.51660321964613737E-002
  2.66999809397260694E-002
 -3.25081734187702420E-002
 -5.93966055651489258E-002
 -3.37667409439564581E-002
  7.23174731306742424E-002
  4.33611360139459223E-002
  8.25444286390146775E-002
  7.51172743379989599E-002
 -5.27937204284273931E-002
  1.73695723741742608E-002
 -2.97904760324725244E-002
 -0.18362780409993951     
 -5.48376513872370769E-002
 -2.11480701886722286E-002
 -8.75177127097728769E-002
 -7.71714342994679198E-002
  6.62717010357890685E-002
  0.13405328661056679     
 -2.19668265677818997E-002
  0.10655591808870402     
  0.12093761534475614     
  0.10371815327848687     
  0.17167507551147065     
 -4.83801425207118496E-002
  5.36989681965270305E-002
  0.11068127500726320     
 -0.14724583442044198     
 -8.89591338669174225E-002
  2.92263592739815149E-002
  9.62202884771864813E-018
 -6.50167705295681131E-002
 -7.30658981849537786E-002
 -2.14051033779611511E-017
  4.74640091516321527E-002
 -3.36771009670152715E-017
  0.16254192632392025     
  1.56263070950461953E-017
  1.90130983160263396E-002
  9.86389625496876810E-002
  7.49178618228640304E-017
 -0.11866002287908037     
  6.25957474779217149E-018
 -9.57987243611553990E-002
  6.61514483280657744E-017
 -0.21943160053729252     
 -5.46920748326616820E-017
 -4.75327457900658404E-002
 -3.15392718174886861E-017
  0.13238085089961441     
 -0.11873208455055008     
 -1.47160085723483065E-016
  0.16019103088675865     
 -2.19085116172726075E-017
  0.23949681090288849     
  4.35829982893419813E-017
 -9.73765341992569866E-002
  2.66999809397260729E-002
  3.25081734187702490E-002
 -5.93966055651489258E-002
 -3.37667409439564581E-002
 -7.23174731306742563E-002
  4.33611360139459293E-002
 -8.25444286390146914E-002
  7.51172743379989599E-002
  5.27937204284274000E-002
  1.73695723741742643E-002
 -2.97904760324725279E-002
  0.18362780409993951     
 -5.48376513872370838E-002
  2.11480701886722321E-002
 -8.75177127097728907E-002
  7.71714342994679198E-002
  6.62717010357890823E-002
 -0.13405328661056681     
 -2.19668265677819032E-002
 -0.10655591808870402     
  0.12093761534475615     
  0.10371815327848689     
 -0.17167507551147068     
 -4.83801425207118566E-002
 -5.36989681965270443E-002
  0.11068127500726321     
  0.14724583442044201     
 -8.89591338669174364E-002
  1.95587765070423525E-002
  4.35103281964221156E-002
 -4.35103281964221017E-002
  3.17637218656732084E-002
 -9.67927957599349492E-002
  3.17637218656731599E-002
 -1.27238886370851130E-002
 -7.06613710023061975E-002
  7.06613710023061281E-002
  1.27238886370851807E-002
 -6.41101350282667348E-002
  2.83054806794771560E-002
  5.15847208743638458E-002
  2.83054806794773191E-002
 -6.41101350282667903E-002
 -8.85915160449927547E-002
  0.14261899330934372     
 -2.06637700253208129E-002
  2.06637700253209516E-002
 -0.14261899330934386     
  8.85915160449926992E-002
 -6.51660321964617484E-002
  0.19708011578067375     
 -0.10411574042350734     
 -8.27747799002926353E-003
 -0.10411574042350757     
  0.19708011578067369     
 -6.51660321964616096E-002
  9.05441078855982219E-003
  2.57808387630712975E-002
 -2.01423839008341397E-002
  3.85359681707600696E-002
 -5.73518878011812436E-002
  1.47044875655596551E-002
  4.52376550700889918E-002
 -8.57268664976527511E-002
  4.18684364862551422E-002
  5.89031295012630920E-003
  4.45811297858953112E-002
 -0.10063539599357864     
  6.25829419524133179E-002
  1.67716278814196915E-002
 -2.96787223907874660E-002
  3.62168717008851324E-002
 -9.91748940764862752E-002
  7.34665735857347041E-002
  2.50694294374938266E-002
 -8.45049307479617401E-002
  4.10119711917476884E-002
  2.08139211932496064E-002
 -8.05678194331755221E-002
  7.24003675008396963E-002
  2.94291866931161786E-002
 -0.12631394003519966     
  0.11677435907658304     
 -3.01675324504489424E-002
  1.23603127929783289E-002
 -3.51938120125414658E-002
 -1.50491190496148085E-002
  5.26060316340709391E-002
  4.28497138913326511E-002
 -1.56317519854773414E-002
 -6.17546055446970693E-002
 -6.40497086156810030E-002
  4.45086584795885212E-002
  3.82125724958052165E-002
  6.08583729726796460E-002
  7.51884217066171034E-002
 -6.65294198631542627E-002
 -0.10880356472022003     
 -1.37910061750352014E-002
 -4.94401980492986601E-002
 -7.40972267750378139E-002
  7.80993728883686983E-002
  0.16263437917813239     
  3.92674592396812655E-002
 -3.57252339908968528E-002
  2.84133978902325335E-002
  6.01951939843383341E-002
 -7.69659318887977728E-002
 -0.19091768799468833     
 -5.86951252173575633E-002
  0.10172130675317001     
  4.80145967042522187E-002
  2.66999809397260694E-002
 -5.93966055651489258E-002
 -3.25081734187702420E-002
  4.33611360139459223E-002
  7.23174731306742424E-002
 -3.37667409439564581E-002
  1.73695723741742608E-002
 -5.27937204284273931E-002
  7.51172743379989599E-002
  8.25444286390146775E-002
 -8.75177127097728769E-002
 -2.11480701886722286E-002
 -5.48376513872370769E-002
 -0.18362780409993951     
 -2.97904760324725244E-002
  0.12093761534475614     
  0.10655591808870402     
 -2.19668265677818997E-002
  0.13405328661056679     
  6.62717010357890685E-002
 -7.71714342994679198E-002
 -8.89591338669174225E-002
 -0.14724583442044198     
  0.11068127500726320     
  5.36989681965270305E-002
 -4.83801425207118496E-002
  0.17167507551147065     
  0.10371815327848687     
  3.64485468671853913E-002
 -4.43773980623970374E-002
 -4.43773980623970374E-002
 -4.60954875820421342E-002
  5.40310555031056142E-002
 -4.60954875820421342E-002
  0.11268264508000933     
  5.61228904066464820E-002
  5.61228904066464820E-002
  0.11268264508000933     
 -4.06674283519723734E-002
 -0.13719511545030574     
  5.82957115730490666E-002
 -0.13719511545030574     
 -4.06674283519723734E-002
 -0.10534788943189907     
  4.95140358469070493E-002
 -0.14250668170460132     
 -0.14250668170460132     
  4.95140358469070493E-002
 -0.10534788943189907     
  0.14158721608389402     
  0.12826479040133515     
  5.14309924459462886E-002
  0.34836446425409612     
  5.14309924459462886E-002
  0.12826479040133515     
  0.14158721608389402     
  3.98973440527797887E-002
  1.31351767705449573E-017
 -4.85764309099695479E-002
 -9.97433601319494684E-002
 -1.59925434144320679E-017
 -5.04570877418738239E-002
 -4.59731186969073473E-017
  0.12144107727492387     
 -1.66117014190129487E-017
  0.12334478726727836     
  0.13465353617813189     
  5.59739019505122438E-017
  0.12614271935468455     
  4.06081062021992300E-017
 -4.45154202336985189E-002
  9.03043402974966698E-017
 -0.16394545432114732     
  5.81409549665453159E-017
 -0.30836196816819583     
 -1.46555598540896911E-017
 -0.11531600985944193     
 -0.16208296021441815     
 -1.09948735974220585E-016
 -0.17029267112882429     
 -1.42128371707697321E-016
  0.11128855058424629     
 -3.79648372576855859E-017
  0.15498433707545545     
  3.64485468671853982E-002
  4.43773980623970513E-002
 -4.43773980623970513E-002
 -4.60954875820421411E-002
 -5.40310555031056280E-002
 -4.60954875820421411E-002
 -0.11268264508000934     
  5.61228904066464959E-002
 -5.61228904066464959E-002
  0.11268264508000934     
 -4.06674283519723803E-002
  0.13719511545030577     
  5.82957115730490805E-002
  0.13719511545030577     
 -4.06674283519723803E-002
  0.10534788943189909     
  4.95140358469070563E-002
  0.14250668170460135     
 -0.14250668170460135     
 -4.95140358469070563E-002
 -0.10534788943189909     
  0.14158721608389405     
 -0.12826479040133515     
  5.14309924459462955E-002
 -0.34836446425409617     
  5.14309924459462955E-002
 -0.12826479040133515     
  0.14158721608389405     
  2.66999809397261631E-002
  5.93966055651491409E-002
 -3.25081734187703530E-002
  4.33611360139461305E-002
 -7.23174731306745200E-002
 -3.37667409439565760E-002
 -1.73695723741742261E-002
 -5.27937204284276429E-002
 -7.51172743379992375E-002
  8.25444286390149690E-002
 -8.75177127097731128E-002
  2.11480701886721904E-002
 -5.48376513872373475E-002
  0.18362780409994020     
 -2.97904760324726285E-002
 -0.12093761534475664     
  0.10655591808870429     
  2.19668265677818615E-002
  0.13405328661056745     
 -6.62717010357893321E-002
 -7.71714342994681834E-002
 -8.89591338669179221E-002
  0.14724583442044259     
  0.11068127500726350     
 -5.36989681965269403E-002
 -4.83801425207120925E-002
 -0.17167507551147132     
  0.10371815327848723     
  1.23603127929782560E-002
  3.51938120125412576E-002
 -1.50491190496147200E-002
  5.26060316340706477E-002
 -4.28497138913324083E-002
 -1.56317519854772477E-002
  6.17546055446967779E-002
 -6.40497086156806700E-002
 -4.45086584795882576E-002
  3.82125724958049945E-002
  6.08583729726793893E-002
 -7.51884217066167426E-002
 -6.65294198631539158E-002
  0.10880356472021939     
 -1.37910061750351216E-002
  4.94401980492985074E-002
 -7.40972267750374947E-002
 -7.80993728883683097E-002
  0.16263437917813156     
 -3.92674592396810365E-002
 -3.57252339908966446E-002
  2.84133978902325404E-002
 -6.01951939843381467E-002
 -7.69659318887974397E-002
  0.19091768799468745     
 -5.86951252173572441E-002
 -0.10172130675316943     
  4.80145967042519342E-002
  1.35298576894819639E-002
 -3.85238849578765433E-002
  4.45435847049273353E-018
  5.75836658455520373E-002
 -1.26830006062669241E-017
 -3.38246442237049028E-002
 -6.75978867755268470E-002
  1.89579443929080065E-017
  9.63097123946913547E-002
 -1.55902546467245670E-017
  6.66168518001852422E-002
 -2.22548696709540579E-017
 -0.14395916461388009     
  4.43905021219342272E-017
  4.56632697020016506E-002
 -5.41182779878204498E-002
  2.19318890785078013E-017
  0.16899471693881707     
 -6.63528053751780027E-017
 -0.13001811173283340     
  3.06237144846375730E-017
  3.11019014136810976E-002
 -1.78170543619929496E-017
 -0.16654212950046310     
  7.78920438483392120E-017
  0.19434487222873822     
 -8.71956291680851889E-017
 -5.49650468635205572E-002
  2.92263592739815149E-002
 -6.50167705295681131E-002
  9.62202884771864813E-018
  4.74640091516321527E-002
 -2.14051033779611511E-017
 -7.30658981849537786E-002
  1.90130983160263396E-002
  1.56263070950461953E-017
  0.16254192632392025     
 -3.36771009670152715E-017
 -9.57987243611553990E-002
  6.25957474779217149E-018
 -0.11866002287908037     
  7.49178618228640304E-017
  9.86389625496876810E-002
  0.13238085089961441     
 -3.15392718174886861E-017
 -4.75327457900658404E-002
 -5.46920748326616820E-017
 -0.21943160053729252     
  6.61514483280657744E-017
 -9.73765341992569866E-002
  4.35829982893419813E-017
  0.23949681090288849     
 -2.19085116172726075E-017
  0.16019103088675865     
 -1.47160085723483065E-016
 -0.11873208455055008     
  3.98973440527797887E-002
 -4.85764309099695479E-002
  1.31351767705449573E-017
 -5.04570877418738239E-002
 -1.59925434144320679E-017
 -9.97433601319494684E-002
  0.12334478726727836     
 -1.66117014190129487E-017
  0.12144107727492387     
 -4.59731186969073473E-017
 -4.45154202336985189E-002
  4.06081062021992300E-017
  0.12614271935468455     
  5.59739019505122438E-017
  0.13465353617813189     
 -0.11531600985944193     
 -1.46555598540896911E-017
 -0.30836196816819583     
  5.81409549665453159E-017
 -0.16394545432114732     
  9.03043402974966698E-017
  0.15498433707545545     
 -3.79648372576855859E-017
  0.11128855058424629     
 -1.42128371707697321E-016
 -0.17029267112882429     
 -1.09948735974220585E-016
 -0.16208296021441815     
  4.36724698042483053E-002
  1.43780400551530074E-017
  1.43780400551530074E-017
 -0.10918117451062075     
  4.73360075017956596E-033
 -0.10918117451062075     
 -5.03231401930355197E-017
 -3.59451001378825123E-017
 -3.59451001378825123E-017
 -5.03231401930355197E-017
  0.14739458558933813     
 -1.65676026256284843E-032
  0.27295293627655182     
 -1.65676026256284843E-032
  0.14739458558933813     
  9.88490253791770105E-017
  4.85258851861414230E-017
  1.25807850482588775E-016
  1.25807850482588775E-016
  4.85258851861414230E-017
  9.88490253791770105E-017
 -0.17741940857975902     
  3.25435051574845490E-032
 -0.36848646397334528     
  5.79866091896996909E-032
 -0.36848646397334528     
  3.25435051574845490E-032
 -0.17741940857975902     
  3.98973440527797957E-002
  4.85764309099695479E-002
  1.31351767705449603E-017
 -5.04570877418738309E-002
  1.59925434144320710E-017
 -9.97433601319494823E-002
 -0.12334478726727838     
 -1.66117014190129518E-017
 -0.12144107727492387     
 -4.59731186969073535E-017
 -4.45154202336985258E-002
 -4.06081062021992362E-017
  0.12614271935468457     
 -5.59739019505122438E-017
  0.13465353617813192     
  0.11531600985944195     
 -1.46555598540896942E-017
  0.30836196816819589     
  5.81409549665453159E-017
  0.16394545432114735     
  9.03043402974966821E-017
  0.15498433707545547     
  3.79648372576855921E-017
  0.11128855058424632     
  1.42128371707697345E-016
 -0.17029267112882435     
  1.09948735974220598E-016
 -0.16208296021441818     
  2.92263592739816190E-002
  6.50167705295683629E-002
  9.62202884771868202E-018
  4.74640091516323887E-002
  2.14051033779612343E-017
 -7.30658981849540423E-002
 -1.90130983160263049E-002
  1.56263070950462723E-017
 -0.16254192632392089     
 -3.36771009670153886E-017
 -9.57987243611556766E-002
 -6.25957474779216148E-018
 -0.11866002287908095     
 -7.49178618228643016E-017
  9.86389625496880279E-002
 -0.13238085089961493     
 -3.15392718174887785E-017
  4.75327457900657571E-002
 -5.46920748326619470E-017
  0.21943160053729333     
  6.61514483280659963E-017
 -9.73765341992575417E-002
 -4.35829982893421600E-017
  0.23949681090288918     
  2.19085116172725644E-017
  0.16019103088675946     
  1.47160085723483632E-016
 -0.11873208455055051     
  1.35298576894818823E-002
  3.85238849578763143E-002
  4.45435847049270657E-018
  5.75836658455517181E-002
  1.26830006062668486E-017
 -3.38246442237047015E-002
  6.75978867755265139E-002
  1.89579443929079017E-017
 -9.63097123946907718E-002
 -1.55902546467244745E-017
  6.66168518001849508E-002
  2.22548696709539501E-017
 -0.14395916461387928     
 -4.43905021219339684E-017
  4.56632697020013800E-002
  5.41182779878202833E-002
  2.19318890785076996E-017
 -0.16899471693881626     
 -6.63528053751776452E-017
  0.13001811173283265     
  3.06237144846373881E-017
  3.11019014136810976E-002
  1.78170543619928911E-017
 -0.16654212950046235     
 -7.78920438483388176E-017
  0.19434487222873723     
  8.71956291680846713E-017
 -5.49650468635202311E-002
  1.23603127929783306E-002
 -3.51938120125414658E-002
  1.50491190496148119E-002
  5.26060316340709461E-002
 -4.28497138913326581E-002
 -1.56317519854773448E-002
 -6.17546055446970762E-002
  6.40497086156810169E-002
  4.45086584795885282E-002
 -3.82125724958052235E-002
  6.08583729726796530E-002
 -7.51884217066171173E-002
 -6.65294198631542766E-002
  0.10880356472022004     
 -1.37910061750352031E-002
 -4.94401980492986740E-002
  7.40972267750378277E-002
  7.80993728883687122E-002
 -0.16263437917813245     
  3.92674592396812724E-002
  3.57252339908968597E-002
  2.84133978902325404E-002
 -6.01951939843383410E-002
 -7.69659318887977867E-002
  0.19091768799468836     
 -5.86951252173575633E-002
 -0.10172130675317002     
  4.80145967042522256E-002
  2.66999809397260729E-002
 -5.93966055651489258E-002
  3.25081734187702490E-002
  4.33611360139459293E-002
 -7.23174731306742563E-002
 -3.37667409439564581E-002
  1.73695723741742643E-002
  5.27937204284274000E-002
  7.51172743379989599E-002
 -8.25444286390146914E-002
 -8.75177127097728907E-002
  2.11480701886722321E-002
 -5.48376513872370838E-002
  0.18362780409993951     
 -2.97904760324725279E-002
  0.12093761534475615     
 -0.10655591808870402     
 -2.19668265677819032E-002
 -0.13405328661056681     
  6.62717010357890823E-002
  7.71714342994679198E-002
 -8.89591338669174364E-002
  0.14724583442044201     
  0.11068127500726321     
 -5.36989681965270443E-002
 -4.83801425207118566E-002
 -0.17167507551147068     
  0.10371815327848689     
  3.64485468671853982E-002
 -4.43773980623970513E-002
  4.43773980623970513E-002
 -4.60954875820421411E-002
 -5.40310555031056280E-002
 -4.60954875820421411E-002
  0.11268264508000934     
 -5.61228904066464959E-002
  5.61228904066464959E-002
 -0.11268264508000934     
 -4.06674283519723803E-002
  0.13719511545030577     
  5.82957115730490805E-002
  0.13719511545030577     
 -4.06674283519723803E-002
 -0.10534788943189909     
 -4.95140358469070563E-002
 -0.14250668170460135     
  0.14250668170460135     
  4.95140358469070563E-002
  0.10534788943189909     
  0.14158721608389405     
 -0.12826479040133515     
  5.14309924459462955E-002
 -0.34836446425409617     
  5.14309924459462955E-002
 -0.12826479040133515     
  0.14158721608389405     
  3.98973440527797957E-002
  1.31351767705449603E-017
  4.85764309099695479E-002
 -9.97433601319494823E-002
  1.59925434144320710E-017
 -5.04570877418738309E-002
 -4.59731186969073535E-017
 -0.12144107727492387     
 -1.66117014190129518E-017
 -0.12334478726727838     
  0.13465353617813192     
 -5.59739019505122438E-017
  0.12614271935468457     
 -4.06081062021992362E-017
 -4.45154202336985258E-002
  9.03043402974966821E-017
  0.16394545432114735     
  5.81409549665453159E-017
  0.30836196816819589     
 -1.46555598540896942E-017
  0.11531600985944195     
 -0.16208296021441818     
  1.09948735974220598E-016
 -0.17029267112882435     
  1.42128371707697345E-016
  0.11128855058424632     
  3.79648372576855921E-017
  0.15498433707545547     
  3.64485468671854052E-002
  4.43773980623970513E-002
  4.43773980623970513E-002
 -4.60954875820421481E-002
  5.40310555031056350E-002
 -4.60954875820421481E-002
 -0.11268264508000937     
 -5.61228904066465029E-002
 -5.61228904066465029E-002
 -0.11268264508000937     
 -4.06674283519723873E-002
 -0.13719511545030580     
  5.82957115730490874E-002
 -0.13719511545030580     
 -4.06674283519723873E-002
  0.10534788943189910     
 -4.95140358469070702E-002
  0.14250668170460137     
  0.14250668170460137     
 -4.95140358469070702E-002
  0.10534788943189910     
  0.14158721608389407     
  0.12826479040133518     
  5.14309924459463025E-002
  0.34836446425409628     
  5.14309924459463025E-002
  0.12826479040133518     
  0.14158721608389407     
  2.66999809397261666E-002
  5.93966055651491548E-002
  3.25081734187703600E-002
  4.33611360139461374E-002
  7.23174731306745200E-002
 -3.37667409439565830E-002
 -1.73695723741742296E-002
  5.27937204284276498E-002
 -7.51172743379992375E-002
 -8.25444286390149828E-002
 -8.75177127097731267E-002
 -2.11480701886721904E-002
 -5.48376513872373475E-002
 -0.18362780409994023     
 -2.97904760324726320E-002
 -0.12093761534475665     
 -0.10655591808870432     
  2.19668265677818615E-002
 -0.13405328661056745     
 -6.62717010357893460E-002
  7.71714342994681973E-002
 -8.89591338669179360E-002
 -0.14724583442044259     
  0.11068127500726353     
  5.36989681965269403E-002
 -4.83801425207120925E-002
  0.17167507551147135     
  0.10371815327848725     
  1.23603127929782577E-002
  3.51938120125412646E-002
  1.50491190496147235E-002
  5.26060316340706616E-002
  4.28497138913324083E-002
 -1.56317519854772512E-002
  6.17546055446967779E-002
  6.40497086156806700E-002
 -4.45086584795882645E-002
 -3.82125724958050014E-002
  6.08583729726793962E-002
  7.51884217066167565E-002
 -6.65294198631539158E-002
 -0.10880356472021940     
 -1.37910061750351233E-002
  4.94401980492985074E-002
  7.40972267750375085E-002
 -7.80993728883683236E-002
 -0.16263437917813159     
 -3.92674592396810435E-002
  3.57252339908966446E-002
  2.84133978902325404E-002
  6.01951939843381606E-002
 -7.69659318887974536E-002
 -0.19091768799468747     
 -5.86951252173572510E-002
  0.10172130675316944     
  4.80145967042519412E-002
  9.05441078855990893E-003
 -2.57808387630715369E-002
  2.01423839008343375E-002
  3.85359681707604165E-002
 -5.73518878011817987E-002
  1.47044875655598147E-002
 -4.52376550700893804E-002
  8.57268664976535422E-002
 -4.18684364862556002E-002
 -5.89031295012633349E-003
  4.45811297858956651E-002
 -0.10063539599357951     
  6.25829419524139702E-002
  1.67716278814197609E-002
 -2.96787223907877262E-002
 -3.62168717008853752E-002
  9.91748940764870940E-002
 -7.34665735857354257E-002
 -2.50694294374939168E-002
  8.45049307479624756E-002
 -4.10119711917481047E-002
  2.08139211932496827E-002
 -8.05678194331760911E-002
  7.24003675008403624E-002
  2.94291866931162688E-002
 -0.12631394003520069     
  0.11677435907658419     
 -3.01675324504492998E-002
  1.95587765070423525E-002
 -4.35103281964221017E-002
  4.35103281964221156E-002
  3.17637218656731599E-002
 -9.67927957599349492E-002
  3.17637218656732084E-002
  1.27238886370851807E-002
  7.06613710023061281E-002
 -7.06613710023061975E-002
 -1.27238886370851130E-002
 -6.41101350282667903E-002
  2.83054806794773191E-002
  5.15847208743638458E-002
  2.83054806794771560E-002
 -6.41101350282667348E-002
  8.85915160449926992E-002
 -0.14261899330934386     
  2.06637700253209516E-002
 -2.06637700253208129E-002
  0.14261899330934372     
 -8.85915160449927547E-002
 -6.51660321964616096E-002
  0.19708011578067369     
 -0.10411574042350757     
 -8.27747799002926353E-003
 -0.10411574042350734     
  0.19708011578067375     
 -6.51660321964617484E-002
  2.66999809397261631E-002
 -3.25081734187703530E-002
  5.93966055651491409E-002
 -3.37667409439565760E-002
 -7.23174731306745200E-002
  4.33611360139461305E-002
  8.25444286390149690E-002
 -7.51172743379992375E-002
 -5.27937204284276429E-002
 -1.73695723741742261E-002
 -2.97904760324726285E-002
  0.18362780409994020     
 -5.48376513872373475E-002
  2.11480701886721904E-002
 -8.75177127097731128E-002
 -7.71714342994681834E-002
 -6.62717010357893321E-002
  0.13405328661056745     
  2.19668265677818615E-002
  0.10655591808870429     
 -0.12093761534475664     
  0.10371815327848723     
 -0.17167507551147132     
 -4.83801425207120925E-002
 -5.36989681965269403E-002
  0.11068127500726350     
  0.14724583442044259     
 -8.89591338669179221E-002
  2.92263592739816190E-002
  9.62202884771868202E-018
  6.50167705295683629E-002
 -7.30658981849540423E-002
  2.14051033779612343E-017
  4.74640091516323887E-002
 -3.36771009670153886E-017
 -0.16254192632392089     
  1.56263070950462723E-017
 -1.90130983160263049E-002
  9.86389625496880279E-002
 -7.49178618228643016E-017
 -0.11866002287908095     
 -6.25957474779216148E-018
 -9.57987243611556766E-002
  6.61514483280659963E-017
  0.21943160053729333     
 -5.46920748326619470E-017
  4.75327457900657571E-002
 -3.15392718174887785E-017
 -0.13238085089961493     
 -0.11873208455055051     
  1.47160085723483632E-016
  0.16019103088675946     
  2.19085116172725644E-017
  0.23949681090288918     
 -4.35829982893421600E-017
 -9.73765341992575417E-002
  2.66999809397261666E-002
  3.25081734187703600E-002
  5.93966055651491548E-002
 -3.37667409439565830E-002
  7.23174731306745200E-002
  4.33611360139461374E-002
 -8.25444286390149828E-002
 -7.51172743379992375E-002
  5.27937204284276498E-002
 -1.73695723741742296E-002
 -2.97904760324726320E-002
 -0.18362780409994023     
 -5.48376513872373475E-002
 -2.11480701886721904E-002
 -8.75177127097731267E-002
  7.71714342994681973E-002
 -6.62717010357893460E-002
 -0.13405328661056745     
  2.19668265677818615E-002
 -0.10655591808870432     
 -0.12093761534475665     
  0.10371815327848725     
  0.17167507551147135     
 -4.83801425207120925E-002
  5.36989681965269403E-002
  0.11068127500726353     
 -0.14724583442044259     
 -8.89591338669179360E-002
  1.95587765070424219E-002
  4.35103281964222682E-002
  4.35103281964222682E-002
  3.17637218656733195E-002
  9.67927957599353100E-002
  3.17637218656733195E-002
 -1.27238886370851581E-002
  7.06613710023064612E-002
  7.06613710023064612E-002
 -1.27238886370851581E-002
 -6.41101350282669707E-002
 -2.83054806794772670E-002
  5.15847208743640956E-002
 -2.83054806794772670E-002
 -6.41101350282669707E-002
 -8.85915160449930600E-002
 -0.14261899330934424     
 -2.06637700253209135E-002
 -2.06637700253209135E-002
 -0.14261899330934424     
 -8.85915160449930600E-002
 -6.51660321964619843E-002
 -0.19708011578067450     
 -0.10411574042350787     
  8.27747799002924792E-003
 -0.10411574042350787     
 -0.19708011578067450     
 -6.51660321964619843E-002
  9.05441078855985342E-003
  2.57808387630713842E-002
  2.01423839008342161E-002
  3.85359681707602084E-002
  5.73518878011814517E-002
  1.47044875655597262E-002
  4.52376550700891444E-002
  8.57268664976530703E-002
  4.18684364862553435E-002
 -5.89031295012629706E-003
  4.45811297858954569E-002
  0.10063539599357900     
  6.25829419524136232E-002
 -1.67716278814196602E-002
 -2.96787223907875423E-002
  3.62168717008852573E-002
  9.91748940764866499E-002
  7.34665735857350510E-002
 -2.50694294374937780E-002
 -8.45049307479619621E-002
 -4.10119711917478480E-002
  2.08139211932496793E-002
  8.05678194331758135E-002
  7.24003675008400432E-002
 -2.94291866931161196E-002
 -0.12631394003520000     
 -0.11677435907658350     
 -3.01675324504491124E-002
  4.19158911593834217E-003
 -1.19348111856806063E-002
  1.19348111856806098E-002
  1.78395865317699381E-002
 -3.39822711859389809E-002
  1.78395865317699451E-002
 -2.09420211928023244E-002
  5.07950781906784873E-002
 -5.07950781906785082E-002
  2.09420211928023452E-002
  2.06380937148220173E-002
 -5.96287140436152566E-002
  7.59260602176802107E-002
 -5.96287140436153121E-002
  2.06380937148220485E-002
 -1.67659993322338621E-002
  5.87633341212267998E-002
 -8.91301577720416821E-002
  8.91301577720417237E-002
 -5.87633341212268831E-002
  1.67659993322339072E-002
  9.63545917795714454E-003
 -4.77382278736697002E-002
  8.78366291381888070E-002
 -0.10463054452836149     
  8.78366291381889180E-002
 -4.77382278736698251E-002
  9.63545917795720179E-003
  9.05441078855982219E-003
 -2.01423839008341397E-002
  2.57808387630712975E-002
  1.47044875655596551E-002
 -5.73518878011812436E-002
  3.85359681707600696E-002
  5.89031295012630920E-003
  4.18684364862551422E-002
 -8.57268664976527511E-002
  4.52376550700889918E-002
 -2.96787223907874660E-002
  1.67716278814196915E-002
  6.25829419524133179E-002
 -0.10063539599357864     
  4.45811297858953112E-002
  4.10119711917476884E-002
 -8.45049307479617401E-002
  2.50694294374938266E-002
  7.34665735857347041E-002
 -9.91748940764862752E-002
  3.62168717008851324E-002
 -3.01675324504489424E-002
  0.11677435907658304     
 -0.12631394003519966     
  2.94291866931161786E-002
  7.24003675008396963E-002
 -8.05678194331755221E-002
  2.08139211932496064E-002
  1.23603127929782560E-002
 -1.50491190496147200E-002
  3.51938120125412576E-002
 -1.56317519854772477E-002
 -4.28497138913324083E-002
  5.26060316340706477E-002
  3.82125724958049945E-002
 -4.45086584795882576E-002
 -6.40497086156806700E-002
  6.17546055446967779E-002
 -1.37910061750351216E-002
  0.10880356472021939     
 -6.65294198631539158E-002
 -7.51884217066167426E-002
  6.08583729726793893E-002
 -3.57252339908966446E-002
 -3.92674592396810365E-002
  0.16263437917813156     
 -7.80993728883683097E-002
 -7.40972267750374947E-002
  4.94401980492985074E-002
  4.80145967042519342E-002
 -0.10172130675316943     
 -5.86951252173572441E-002
  0.19091768799468745     
 -7.69659318887974397E-002
 -6.01951939843381467E-002
  2.84133978902325404E-002
  1.35298576894818823E-002
  4.45435847049270657E-018
  3.85238849578763143E-002
 -3.38246442237047015E-002
  1.26830006062668486E-017
  5.75836658455517181E-002
 -1.55902546467244745E-017
 -9.63097123946907718E-002
  1.89579443929079017E-017
  6.75978867755265139E-002
  4.56632697020013800E-002
 -4.43905021219339684E-017
 -0.14395916461387928     
  2.22548696709539501E-017
  6.66168518001849508E-002
  3.06237144846373881E-017
  0.13001811173283265     
 -6.63528053751776452E-017
 -0.16899471693881626     
  2.19318890785076996E-017
  5.41182779878202833E-002
 -5.49650468635202311E-002
  8.71956291680846713E-017
  0.19434487222873723     
 -7.78920438483388176E-017
 -0.16654212950046235     
  1.78170543619928911E-017
  3.11019014136810976E-002
  1.23603127929782577E-002
  1.50491190496147235E-002
  3.51938120125412646E-002
 -1.56317519854772512E-002
  4.28497138913324083E-002
  5.26060316340706616E-002
 -3.82125724958050014E-002
 -4.45086584795882645E-002
  6.40497086156806700E-002
  6.17546055446967779E-002
 -1.37910061750351233E-002
 -0.10880356472021940     
 -6.65294198631539158E-002
  7.51884217066167565E-002
  6.08583729726793962E-002
  3.57252339908966446E-002
 -3.92674592396810435E-002
 -0.16263437917813159     
 -7.80993728883683236E-002
  7.40972267750375085E-002
  4.94401980492985074E-002
  4.80145967042519412E-002
  0.10172130675316944     
 -5.86951252173572510E-002
 -0.19091768799468747     
 -7.69659318887974536E-002
  6.01951939843381606E-002
  2.84133978902325404E-002
  9.05441078855985342E-003
  2.01423839008342161E-002
  2.57808387630713842E-002
  1.47044875655597262E-002
  5.73518878011814517E-002
  3.85359681707602084E-002
 -5.89031295012629706E-003
  4.18684364862553435E-002
  8.57268664976530703E-002
  4.52376550700891444E-002
 -2.96787223907875423E-002
 -1.67716278814196602E-002
  6.25829419524136232E-002
  0.10063539599357900     
  4.45811297858954569E-002
 -4.10119711917478480E-002
 -8.45049307479619621E-002
 -2.50694294374937780E-002
  7.34665735857350510E-002
  9.91748940764866499E-002
  3.62168717008852573E-002
 -3.01675324504491124E-002
 -0.11677435907658350     
 -0.12631394003520000     
 -2.94291866931161196E-002
  7.24003675008400432E-002
  8.05678194331758135E-002
  2.08139211932496793E-002
  4.19158911593831701E-003
  1.19348111856805369E-002
  1.19348111856805369E-002
  1.78395865317698410E-002
  3.39822711859387727E-002
  1.78395865317698410E-002
  2.09420211928022203E-002
  5.07950781906782098E-002
  5.07950781906782098E-002
  2.09420211928022203E-002
  2.06380937148219236E-002
  5.96287140436149651E-002
  7.59260602176797944E-002
  5.96287140436149651E-002
  2.06380937148219236E-002
  1.67659993322338066E-002
  5.87633341212265431E-002
  8.91301577720412380E-002
  8.91301577720412380E-002
  5.87633341212265431E-002
  1.67659993322338066E-002
  9.63545917795714454E-003
  4.77382278736695406E-002
  8.78366291381884184E-002
  0.10463054452836097     
  8.78366291381884184E-002
  4.77382278736695406E-002
  9.63545917795714454E-003
