   1.0000000000000000     
 -0.94910791234275838     
  0.85120874390744361     
 -0.71374298160132010     
  0.54707688669903565     
 -0.36362861800555935     
  0.17682772500692473     
   1.0000000000000000     
 -0.74153118559939424     
  0.32480274882466487     
  9.29351780297694718E-002
 -0.36420214392803368     
  0.41177290322881732     
 -0.25629270346308280     
   1.0000000000000000     
 -0.40584515137739713     
 -0.25293456965518640     
  0.44165054876874132     
 -0.12397210694529076     
 -0.26275617769737752     
  0.29881367709479612     
   1.0000000000000000     
  1.09741446725280432E-016
 -0.50000000000000000     
 -1.64612170087920649E-016
  0.37500000000000000     
  2.05765212609900811E-016
 -0.31250000000000000     
   1.0000000000000000     
  0.40584515137739713     
 -0.25293456965518640     
 -0.44165054876874132     
 -0.12397210694529076     
  0.26275617769737752     
  0.29881367709479612     
   1.0000000000000000     
  0.74153118559939446     
  0.32480274882466531     
 -9.29351780297689722E-002
 -0.36420214392803341     
 -0.41177290322881754     
 -0.25629270346308336     
   1.0000000000000000     
  0.94910791234275849     
  0.85120874390744405     
  0.71374298160132088     
  0.54707688669903654     
  0.36362861800556034     
  0.17682772500692578     
