   1.0000000000000004     
  0.33333333333333337     
  0.33333333333333337     
  0.20000000000000012     
  0.11111111111111110     
  0.20000000000000012     
  0.14285714285714288     
  6.66666666666666796E-002
  6.66666666666666796E-002
  0.14285714285714288     
  0.11111111111111109     
  4.76190476190476164E-002
  4.00000000000000286E-002
  4.76190476190476164E-002
  0.11111111111111109     
  9.09090909090908283E-002
  3.70370370370370211E-002
  2.85714285714285809E-002
  2.85714285714285809E-002
  3.70370370370370211E-002
  9.09090909090908283E-002
  7.69230769230768441E-002
  3.03030303030302692E-002
  2.22222222222222196E-002
  2.04081632653061208E-002
  2.22222222222222196E-002
  3.03030303030302692E-002
  7.69230769230768441E-002
